1062476	-1	290

1062542	1	39

1062542	41	53

1062542	54	62

1062542	63	85

1062542	86	100

1062542	101	109

1062542	110	134

1062542	135	149

1062542	150	158

1062542	159	182

1062542	183	251

1062542	254	283

1062916	-1	582

1063082	-1	105

1063082	107	204

1063082	206	248

1063158	-1	419

1063177	-1	249

1063217	-1	338

1063308	-1	391

1063340	-1	599

1063449	-1	259

1063475	-1	336

1064347	-1	204

1064382	-1	324

1064725	-1	102

1064725	103	184

1064725	186	211

1064725	213	227

1064725	229	287

1064779	-1	244

1065168	-1	308

1065870	-1	328

1065870	330	351

1065870	354	384

1066039	-1	342

1066310	-1	314

1066612	-1	345

1066986	-1	268

1066986	271	299

1067012	-1	340

1067320	-1	215

1067320	217	251

1067379	-1	286

1067429	-1	235

1067429	237	265

1067452	-1	155

1067452	157	215

1067452	217	242

1067452	245	273

1067800	-1	598

1068004	-1	344

1068121	-1	252

1068121	255	283

1068417	-1	220

1068417	222	288

1074902	-1	159

1074902	161	254

1075028	-1	269

1075127	-1	145

1075127	148	232

1075127	234	306

1075127	308	4

1075127	308	5

1075127	308	145

1075127	308	351

1075127	372	398

1075481	-1	685

1075559	-1	271

1075603	-1	241

1075603	243	246

1075603	248	340

1075603	343	369

1075656	-1	238

1075735	-1	156

1075735	158	174

1075735	176	217

1075801	-1	237

1075801	239	2

1075801	239	285

1075801	290	324

1075801	326	385

1076138	-1	284

1076138	287	313

1076258	-1	121

1076258	123	211

1079634	-1	349

1079810	-1	204

1079969	0	158

1079969	160	218

1079969	221	247

1080029	-1	194

1080029	196	253

1080847	-1	209

1080847	211	250

1082924	-1	251

1082998	-1	334

1082998	337	364

1083107	-1	283

1083107	286	313

1083357	-1	209

1083357	211	242

1083498	-1	240

1083615	-1	276

1083756	-1	178

1083756	180	252

1109999	-1	396

1110102	-1	451

1110102	453	493

1110141	-1	250

1110141	255	283

1110218	-1	331

1110218	334	362

1110222	-1	789

1110254	-1	264

1110354	-1	359

1110354	361	417

1110410	-1	235

1110410	237	298

1110502	-1	291

1110627	-1	221

1110627	223	288

1110627	291	319

1110715	-1	367

1111115	-1	267

1111193	-1	319

1111233	-1	248

1111233	251	279

1111450	-1	261

1111450	264	292

1111513	-1	271

1111513	274	302

1114299	-1	259

1114299	262	289

1114652	-1	288

1114652	291	318

1114731	-1	280

1115050	-1	214

1115050	216	264

1115523	-1	252

1115523	254	302

1115671	-1	623

1115889	-1	360

1115889	363	390

1115975	-1	192

1115975	195	222

1116077	-1	220

1116077	223	250

1116370	-1	234

1116370	236	259

1116370	262	291

1116670	-1	276

1116682	-1	225

1116724	-1	90

1116724	92	265

1117382	-1	285

1117812	-1	257

1117970	-1	421

1117970	423	495

1117970	497	550

1118016	-1	347

1118016	350	379

1128353	-1	215

1128431	-1	429

1128754	-1	363

1128875	-1	278

1129476	-1	255

1129525	-1	231

1129677	-1	256

1152546	-1	437

1223455	-1	963

1223659	-1	406

1224157	-1	1919

1224231	-1	574

1224258	-1	347

1225064	-1	739

1225064	741	754

1225391	-1	678

1330117	-1	145

1330117	153	182

1330117	184	224

1330117	226	262

1330345	-1	345

1330345	347	383

1330349	-1	118

1330349	120	209

1330614	-1	239

1330614	241	277

1331161	-1	413

1534112	-1	716

1534112	748	821

1537199	-1	409

1538833	-1	280

1538833	295	332

1539331	-1	304

1539396	0	254

1539396	257	294

1539636	-1	240

1539810	-1	199

1539810	208	245

1539998	-1	172

1539998	174	245

1540022	-1	279

1540037	-1	190

1540037	192	245

1540037	248	285

1540144	-1	275

1540144	277	314

1540225	-1	215

1540225	217	280

1540225	282	352

1545208	-1	326

1547861	-1	475

1547861	476	484

1547861	489	509

1547861	510	542

1571136	-1	207

1571386	-1	471

1608881	-1	552

1627685	-1	616

1631492	-1	368

1634759	-1	496

1636641	-1	400

1636641	403	426

1636685	-1	1861

1636698	-1	1901

1637879	-1	249

20120	-1	226

20220	-1	198

20290	-1	204

20330	-1	206

20360	-1	242

20420	-1	270

20460	-1	219

20470	-1	230

20500	-1	228

20520	-1	232

20600	-1	200

20650	-1	222

20710	1	183

20770	1	190

20810	1	233

20880	-1	228

209813	-1	309

209813	312	340

20990	-1	262

210018	-1	274

210018	277	305

210117	-1	148

210117	150	172

210117	174	248

210498	-1	254

210498	256	340

21060	-1	197

210725	-1	240

210725	242	270

21100	-1	210

211041	-1	333

211142	-1	326

211142	328	356

21140	-1	198

211414	-1	233

211431	-1	244

211431	247	275

21220	-1	158

21250	-1	199

21260	-1	167

21290	-1	212

21360	-1	163

21520	-1	196

21610	-1	140

21640	-1	141

21660	-1	136

21760	-1	264

21770	-1	135

21840	-1	198

21870	-1	216

21900	-1	196

21930	-1	187

22040	-1	158

22140	-1	179

22230	-1	153

22370	-1	150

22410	-1	162

22430	-1	177

22690	-1	224

22700	-1	168

22710	-1	206

22750	-1	221

22920	-1	212

22960	1	169

22990	-1	182

23020	-1	154

23150	-1	134

23260	-1	182

23310	-1	131

23360	-1	145

23470	-1	144

23510	-1	124

23530	-1	140

23540	-1	132

23610	-1	144

23740	-1	173

23780	-1	173

23820	-1	173

23850	-1	142

30030	-1	298

30250	-1	344

30260	-1	580

30320	-1	204

30320	206	354

30370	-1	333

30410	-1	300

30550	-1	274

30610	-1	210

30820	-1	189

30850	0	194

30870	-1	231

30910	-1	305

31030	-1	212

31050	-1	236

31060	1	244

31210	-1	232

31250	-1	254

31290	-1	226

31300	-1	178

31390	-1	227

31430	-1	222

31470	-1	202

315327	-1	342

315327	344	369

315330	-1	336

315420	-1	305

315420	307	361

315420	362	368

315420	370	380

315420	383	408

315425	-1	209

315425	210	285

315425	288	313

315445	-1	78

315445	80	219

315445	221	254

315491	-1	400

315628	-1	294

315917	-1	161

315917	163	199

315917	201	226

315993	-1	333

316025	-1	374

316222	-1	369

316438	-1	274

316588	-1	309

316698	-1	315

316698	317	342

316701	-1	216

316718	-1	375

31780	-1	215

31990	-1	263

32070	-1	268

321621	-1	293

321855	-1	293

322088	-1	314

322102	-1	114

322102	115	257

322206	-1	273

322206	276	304

322316	-1	246

322364	-1	249

322445	-1	403

32260	-1	224

322649	-1	371

322869	-1	255

322871	-1	343

322871	346	374

323118	-1	357

323292	-1	307

32330	-1	214

32430	-1	297

32470	-1	315

32500	-1	252

32510	-1	293

32520	-1	295

32600	-1	325

32680	1	107

32770	1	135

32880	-1	119

32920	-1	118

32930	-1	118

32940	-1	123

32970	-1	125

33000	-1	128

33010	-1	133

33030	-1	150

33100	-1	147

33110	-1	165

33120	-1	146

33160	-1	161

33190	1	131

33210	-1	148

33230	-1	123

33340	-1	143

33380	-1	124

334143	0	223

33460	3	107

33490	0	90

33550	-1	160

33810	-1	165

33910	0	134

34210	-1	185

34250	-1	212

34310	-1	198

34320	-1	208

34370	-1	246

34410	-1	221

34530	-1	224

34580	-1	238

34600	-1	245

395098	-1	657

40090	-1	111

401299	-1	314

40220	-1	113

40250	-1	132

40420	-1	90

40640	-1	109

40660	-1	113

40770	0	89

40820	0	108

40940	-1	126

40950	-1	141

41180	-1	119

41320	-1	121

41390	-1	153

41420	-1	127

41430	-1	144

41480	-1	131

41510	-1	87

41640	-1	226

41650	-1	190

41690	-1	146

41800	-1	150

41830	-1	201

41870	-1	194

41910	-1	248

41920	-1	202

42040	-1	184

42130	-1	208

42200	-1	230

42310	-1	235

42370	-1	226

42410	-1	248

425206	-1	217

42580	-1	174

42600	-1	174

42610	-1	179

42790	-1	207

42800	-1	215

42810	-1	220

42850	-1	207

42920	-1	212

42940	-1	46

42960	-1	193

42970	-1	144

42990	-1	174

43090	-1	187

43110	-1	210

43190	-1	209

43240	-1	185

43270	-1	188

43470	-1	113

43550	-1	106

43580	-1	96

43690	-1	109

43720	-1	104

43770	-1	79

43880	-1	108

43940	-1	104

44030	-1	81

44060	-1	94

448302	-1	603

477269	-1	66

477269	68	276

477294	-1	761

477814	-1	305

477814	308	338

477920	-1	280

478015	-1	384

478015	386	416

478037	-1	244

478449	-1	246

479045	-1	244

50140	-1	52

50170	-1	41

50210	-1	54

50240	-1	61

50250	-1	58

50290	-1	53

50360	-1	76

50380	-1	89

50400	-1	91

50440	-1	72

50450	-1	86

50470	-1	85

50480	-1	87

50680	-1	156

50760	-1	116

50870	-1	155

50970	-1	143

50990	-1	160

51120	-1	122

51200	-1	203

51220	-1	253

51320	-1	184

51360	-1	196

51380	-1	132

51410	-1	125

51440	-1	125

51480	-1	105

51510	-1	123

51520	-1	222

51660	-1	214

51710	-1	201

51780	-1	170

51990	-1	135

52140	-1	158

52180	-1	216

52220	-1	248

52250	-1	88

52270	-1	193

52280	-1	193

52300	-1	201

52320	-1	193

52330	-1	248

52400	-1	176

52410	-1	170

52450	-1	200

52520	-1	186

52560	-1	162

52650	-1	158

52660	-1	162

52720	-1	157

52820	-1	147

52900	-1	148

52990	-1	204

53020	-1	180

53040	-1	173

53060	-1	173

53070	-1	172

53140	-1	168

53180	-1	138

53620	-1	156

53700	-1	196

53780	-1	186

543162	-1	267

543590	-1	365

543890	-1	192

543890	194	286

543890	288	304

543890	311	339

544053	-1	353

544073	-1	222

544139	-1	296

544211	-1	764

544700	-1	410

545194	-1	369

545767	-1	235

545767	237	289

545839	-1	308

545859	-1	593

545983	-1	233

60010	-1	175

60070	-1	270

60080	-1	248

60130	-1	286

60200	-1	300

60260	-1	277

60290	-1	239

60310	-1	197

60390	-1	212

60410	-1	185

60460	-1	148

60560	-1	179

60570	-1	205

60660	-1	188

60690	-1	198

60890	-1	233

60940	-1	260

61050	-1	133

61070	-1	80

61100	-1	94

61120	1	74

61160	1	87

61330	-1	76

61480	1	144

61500	-1	166

61510	1	136

61590	-1	129

61640	-1	172

61830	-1	174

61840	1	162

61850	-1	192

61970	-1	181

61980	-1	152

62070	-1	163

62080	1	172

62090	-1	154

62110	1	152

62190	1	142

62260	-1	118

62390	1	126

62420	1	100

62540	-1	156

62640	1	146

62650	-1	94

62740	-1	112

62850	-1	158

62890	1	126

62990	-1	117

63000	-1	172

63060	-1	147

63210	-1	116

63260	-1	118

63270	-1	120

63280	-1	139

63310	-1	110

63340	-1	127

63360	-1	118

63370	-1	111

63460	1	100

63480	-1	91

63610	1	130

63640	-1	164

63720	1	136

63800	-1	114

64020	1	127

64050	-1	134

64070	-1	137

64090	1	145

64100	-1	133

645654	-1	336

645654	338	387

645756	-1	328

645805	-1	303

645977	-1	232

646006	-1	204

646255	-1	298

646264	-1	313

646444	-1	237

646485	-1	195

646485	197	250

646703	-1	259

646828	-1	272

646888	-1	290

646888	292	371

646907	-1	100

646907	107	150

646907	152	269

647048	-1	225

647048	227	253

647149	-1	313

647164	-1	215

647199	-1	246

714532	-1	214

714557	-1	285

714938	-1	252

714938	254	283

714943	-1	215

714943	217	246

714962	-1	717

716084	-1	397

716084	398	427

716099	-1	294

716228	-1	216

716277	-1	341

716349	-1	330

716349	332	361

716390	-1	333

716512	-1	206

716512	215	4

716512	215	10

716512	215	39

716512	215	197

716512	215	199

716512	215	255

716512	282	311

716723	-1	348

716723	350	379

717056	-1	520

717315	-1	265

717428	-1	417

717872	-1	179

717872	181	278

717994	-1	247

717994	250	279

718012	-1	208

718012	210	251

718142	-1	341

745876	-1	264

746033	-1	202

746033	204	231

746768	-1	196

746768	198	225

747283	-1	263

747502	-1	385

747615	-1	268

792284	-1	339

801953	-1	230

802316	-1	243

802511	-1	143

802511	145	203

802717	-1	218

802717	220	261

802841	-1	368

802873	-1	295

802910	-1	313

802979	-1	239

802981	-1	343

803167	0	238

876107	-1	285

876253	-1	549

876442	-1	318

877142	-1	368

877513	-1	235

891388	-1	360

891388	362	390

891635	-1	330

891871	-1	229

891871	232	260

892050	-1	253

892050	255	286

892050	289	317

892319	-1	480

892321	-1	197

892321	199	243

892535	-1	249

976215	-1	244

976495	-1	207

976765	-1	274

976785	-1	232

977229	-1	110

977229	112	210

977633	-1	284

977839	-1	287

977906	-1	343

994944	-1	413

994945	-1	342

994950	-1	363

995016	-1	185

995089	-1	639

995165	-1	305

995481	-1	439

995502	-1	225

995781	-1	437

996072	-1	359

